[1.jpg]
filters=crop64=1,2055ffff8955;
crop=rect64(2055ffff8955)
moddate=2e3f7b9dba4bd201
width=1365
height=768
textactive=0
[21.jpg]
moddate=ce63371ae24bd201
width=1280
height=500
text=1;145;10;Win always;Bookman Old Style;0.507243,0.386211,0.119745,0.000000;v1,4278190080,4278190080,128.000000,1.000000,0.250000,1.000000,700,258,49160;;
textactive=1
[23.jpg]
moddate=3845f115e84bd201
width=1280
height=500
text=1;186;51;“You can never be overdressed or overeducated.”;Bookman Old Style;0.066247,0.530401,0.058472,6.283185;v1,4294967295,4278190080,128.000000,1.000000,0.250000,1.000000,700,258,49152;;
textactive=1
